    0.10000E-03    0.27311E+03
    0.10202E-03    0.27843E+03
    0.10408E-03    0.28386E+03
    0.10618E-03    0.28939E+03
    0.10833E-03    0.29502E+03
    0.11052E-03    0.30077E+03
    0.11275E-03    0.30662E+03
    0.11503E-03    0.31260E+03
    0.11735E-03    0.31868E+03
    0.11972E-03    0.32489E+03
    0.12214E-03    0.33121E+03
    0.12461E-03    0.33766E+03
    0.12712E-03    0.34424E+03
    0.12969E-03    0.35094E+03
    0.13231E-03    0.35777E+03
    0.13499E-03    0.36474E+03
    0.13771E-03    0.37184E+03
    0.14049E-03    0.37908E+03
    0.14333E-03    0.38646E+03
    0.14623E-03    0.39398E+03
    0.14918E-03    0.40165E+03
    0.15220E-03    0.40947E+03
    0.15527E-03    0.41744E+03
    0.15841E-03    0.42556E+03
    0.16161E-03    0.43384E+03
    0.16487E-03    0.44229E+03
    0.16820E-03    0.45089E+03
    0.17160E-03    0.45967E+03
    0.17507E-03    0.46861E+03
    0.17860E-03    0.47773E+03
    0.18221E-03    0.48702E+03
    0.18589E-03    0.49649E+03
    0.18965E-03    0.50615E+03
    0.19348E-03    0.51600E+03
    0.19739E-03    0.52603E+03
    0.20138E-03    0.53626E+03
    0.20544E-03    0.54669E+03
    0.20959E-03    0.55732E+03
    0.21383E-03    0.56815E+03
    0.21815E-03    0.57920E+03
    0.22255E-03    0.59046E+03
    0.22705E-03    0.60193E+03
    0.23164E-03    0.61363E+03
    0.23632E-03    0.62556E+03
    0.24109E-03    0.63771E+03
    0.24596E-03    0.65010E+03
    0.25093E-03    0.66273E+03
    0.25600E-03    0.67560E+03
    0.26117E-03    0.68872E+03
    0.26645E-03    0.70209E+03
    0.27183E-03    0.71572E+03
    0.27732E-03    0.72962E+03
    0.28292E-03    0.74378E+03
    0.28864E-03    0.75821E+03
    0.29447E-03    0.77292E+03
    0.30042E-03    0.78792E+03
    0.30649E-03    0.80320E+03
    0.31268E-03    0.81877E+03
    0.31899E-03    0.83465E+03
    0.32544E-03    0.85083E+03
    0.33201E-03    0.86732E+03
    0.33872E-03    0.88412E+03
    0.34556E-03    0.90125E+03
    0.35254E-03    0.91871E+03
    0.35966E-03    0.93649E+03
    0.36693E-03    0.95462E+03
    0.37434E-03    0.97310E+03
    0.38190E-03    0.99193E+03
    0.38962E-03    0.10111E+04
    0.39749E-03    0.10307E+04
    0.40552E-03    0.10506E+04
    0.41371E-03    0.10709E+04
    0.42207E-03    0.10916E+04
    0.43060E-03    0.11127E+04
    0.43929E-03    0.11341E+04
    0.44817E-03    0.11560E+04
    0.45722E-03    0.11783E+04
    0.46646E-03    0.12011E+04
    0.47588E-03    0.12242E+04
    0.48550E-03    0.12478E+04
    0.49530E-03    0.12718E+04
    0.50531E-03    0.12963E+04
    0.51552E-03    0.13213E+04
    0.52593E-03    0.13467E+04
    0.53656E-03    0.13726E+04
    0.54739E-03    0.13990E+04
    0.55845E-03    0.14259E+04
    0.56973E-03    0.14532E+04
    0.58124E-03    0.14811E+04
    0.59299E-03    0.15095E+04
    0.60496E-03    0.15385E+04
    0.61719E-03    0.15679E+04
    0.62965E-03    0.15979E+04
    0.64237E-03    0.16285E+04
    0.65535E-03    0.16597E+04
    0.66859E-03    0.16914E+04
    0.68210E-03    0.17237E+04
    0.69588E-03    0.17566E+04
    0.70993E-03    0.17901E+04
    0.72427E-03    0.18242E+04
    0.73891E-03    0.18589E+04
    0.75383E-03    0.18943E+04
    0.76906E-03    0.19303E+04
    0.78460E-03    0.19669E+04
    0.80045E-03    0.20043E+04
    0.81662E-03    0.20423E+04
    0.83311E-03    0.20809E+04
    0.84994E-03    0.21203E+04
    0.86711E-03    0.21604E+04
    0.88463E-03    0.22012E+04
    0.90250E-03    0.22428E+04
    0.92073E-03    0.22851E+04
    0.93933E-03    0.23281E+04
    0.95831E-03    0.23719E+04
    0.97767E-03    0.24165E+04
    0.99742E-03    0.24618E+04
    0.10176E-02    0.25080E+04
    0.10381E-02    0.25549E+04
    0.10591E-02    0.26027E+04
    0.10805E-02    0.26513E+04
    0.11023E-02    0.27008E+04
    0.11246E-02    0.27511E+04
    0.11473E-02    0.28023E+04
    0.11705E-02    0.28544E+04
    0.11941E-02    0.29073E+04
    0.12182E-02    0.29612E+04
    0.12429E-02    0.30159E+04
    0.12680E-02    0.30716E+04
    0.12936E-02    0.31283E+04
    0.13197E-02    0.31859E+04
    0.13464E-02    0.32444E+04
    0.13736E-02    0.33039E+04
    0.14013E-02    0.33644E+04
    0.14296E-02    0.34259E+04
    0.14585E-02    0.34884E+04
    0.14880E-02    0.35520E+04
    0.15180E-02    0.36165E+04
    0.15487E-02    0.36821E+04
    0.15800E-02    0.37488E+04
    0.16119E-02    0.38165E+04
    0.16445E-02    0.38853E+04
    0.16777E-02    0.39551E+04
    0.17116E-02    0.40261E+04
    0.17462E-02    0.40982E+04
    0.17814E-02    0.41713E+04
    0.18174E-02    0.42456E+04
    0.18541E-02    0.43211E+04
    0.18916E-02    0.43976E+04
    0.19298E-02    0.44754E+04
    0.19688E-02    0.45543E+04
    0.20086E-02    0.46343E+04
    0.20491E-02    0.47155E+04
    0.20905E-02    0.47979E+04
    0.21328E-02    0.48815E+04
    0.21758E-02    0.49663E+04
    0.22198E-02    0.50523E+04
    0.22646E-02    0.51394E+04
    0.23104E-02    0.52278E+04
    0.23571E-02    0.53174E+04
    0.24047E-02    0.54082E+04
    0.24533E-02    0.55003E+04
    0.25028E-02    0.55935E+04
    0.25534E-02    0.56880E+04
    0.26050E-02    0.57837E+04
    0.26576E-02    0.58806E+04
    0.27113E-02    0.59788E+04
    0.27660E-02    0.60782E+04
    0.28219E-02    0.61787E+04
    0.28789E-02    0.62806E+04
    0.29371E-02    0.63836E+04
    0.29964E-02    0.64878E+04
    0.30569E-02    0.65932E+04
    0.31187E-02    0.66998E+04
    0.31817E-02    0.68077E+04
    0.32460E-02    0.69166E+04
    0.33115E-02    0.70268E+04
    0.33784E-02    0.71381E+04
    0.34467E-02    0.72506E+04
    0.35163E-02    0.73641E+04
    0.35874E-02    0.74788E+04
    0.36598E-02    0.75946E+04
    0.37338E-02    0.77115E+04
    0.38092E-02    0.78294E+04
    0.38861E-02    0.79484E+04
    0.39646E-02    0.80684E+04
    0.40447E-02    0.81894E+04
    0.41264E-02    0.83113E+04
    0.42098E-02    0.84342E+04
    0.42948E-02    0.85580E+04
    0.43816E-02    0.86827E+04
    0.44701E-02    0.88082E+04
    0.45604E-02    0.89346E+04
    0.46525E-02    0.90617E+04
    0.47465E-02    0.91895E+04
    0.48424E-02    0.93181E+04
    0.49402E-02    0.94473E+04
    0.50400E-02    0.95772E+04
    0.51419E-02    0.97076E+04
    0.52457E-02    0.98385E+04
    0.53517E-02    0.99699E+04
    0.54598E-02    0.10102E+05
    0.55701E-02    0.10234E+05
    0.56826E-02    0.10366E+05
    0.57974E-02    0.10499E+05
    0.59145E-02    0.10632E+05
    0.60340E-02    0.10765E+05
    0.61559E-02    0.10898E+05
    0.62803E-02    0.11031E+05
    0.64072E-02    0.11164E+05
    0.65366E-02    0.11297E+05
    0.66686E-02    0.11429E+05
    0.68033E-02    0.11562E+05
    0.69408E-02    0.11693E+05
    0.70810E-02    0.11825E+05
    0.72240E-02    0.11955E+05
    0.73700E-02    0.12085E+05
    0.75189E-02    0.12215E+05
    0.76708E-02    0.12343E+05
    0.78257E-02    0.12470E+05
    0.79838E-02    0.12597E+05
    0.81451E-02    0.12722E+05
    0.83096E-02    0.12845E+05
    0.84775E-02    0.12968E+05
    0.86488E-02    0.13089E+05
    0.88235E-02    0.13208E+05
    0.90017E-02    0.13325E+05
    0.91836E-02    0.13441E+05
    0.93691E-02    0.13554E+05
    0.95583E-02    0.13665E+05
    0.97514E-02    0.13774E+05
    0.99484E-02    0.13881E+05
    0.10149E-01    0.13985E+05
    0.10354E-01    0.14086E+05
    0.10564E-01    0.14184E+05
    0.10777E-01    0.14279E+05
    0.10995E-01    0.14371E+05
    0.11217E-01    0.14460E+05
    0.11443E-01    0.14545E+05
    0.11675E-01    0.14627E+05
    0.11910E-01    0.14705E+05
    0.12151E-01    0.14778E+05
    0.12397E-01    0.14848E+05
    0.12647E-01    0.14913E+05
    0.12902E-01    0.14974E+05
    0.13163E-01    0.15030E+05
    0.13429E-01    0.15082E+05
    0.13700E-01    0.15128E+05
    0.13977E-01    0.15169E+05
    0.14259E-01    0.15205E+05
    0.14547E-01    0.15235E+05
    0.14841E-01    0.15260E+05
    0.15141E-01    0.15279E+05
    0.15447E-01    0.15292E+05
    0.15759E-01    0.15299E+05
    0.16077E-01    0.15299E+05
    0.16402E-01    0.15294E+05
    0.16734E-01    0.15281E+05
    0.17072E-01    0.15262E+05
    0.17416E-01    0.15236E+05
    0.17768E-01    0.15204E+05
    0.18127E-01    0.15164E+05
    0.18493E-01    0.15117E+05
    0.18867E-01    0.15063E+05
    0.19248E-01    0.15002E+05
    0.19637E-01    0.14934E+05
    0.20034E-01    0.14858E+05
    0.20438E-01    0.14775E+05
    0.20851E-01    0.14685E+05
    0.21272E-01    0.14587E+05
    0.21702E-01    0.14482E+05
    0.22141E-01    0.14370E+05
    0.22588E-01    0.14251E+05
    0.23044E-01    0.14125E+05
    0.23510E-01    0.13992E+05
    0.23985E-01    0.13852E+05
    0.24469E-01    0.13706E+05
    0.24964E-01    0.13553E+05
    0.25468E-01    0.13395E+05
    0.25982E-01    0.13230E+05
    0.26507E-01    0.13060E+05
    0.27043E-01    0.12885E+05
    0.27589E-01    0.12705E+05
    0.28146E-01    0.12521E+05
    0.28715E-01    0.12332E+05
    0.29295E-01    0.12140E+05
    0.29887E-01    0.11945E+05
    0.30490E-01    0.11747E+05
    0.31106E-01    0.11547E+05
    0.31735E-01    0.11345E+05
    0.32376E-01    0.11142E+05
    0.33030E-01    0.10938E+05
    0.33697E-01    0.10734E+05
    0.34378E-01    0.10531E+05
    0.35072E-01    0.10329E+05
    0.35781E-01    0.10128E+05
    0.36504E-01    0.99294E+04
    0.37241E-01    0.97334E+04
    0.37993E-01    0.95406E+04
    0.38761E-01    0.93514E+04
    0.39544E-01    0.91664E+04
    0.40343E-01    0.89860E+04
    0.41158E-01    0.88106E+04
    0.41989E-01    0.86406E+04
    0.42838E-01    0.84761E+04
    0.43703E-01    0.83176E+04
    0.44586E-01    0.81651E+04
    0.45486E-01    0.80189E+04
    0.46405E-01    0.78789E+04
    0.47343E-01    0.77452E+04
    0.48299E-01    0.76176E+04
    0.49275E-01    0.74961E+04
    0.50270E-01    0.73803E+04
    0.51286E-01    0.72701E+04
    0.52322E-01    0.71649E+04
    0.53379E-01    0.70641E+04
    0.54457E-01    0.69671E+04
    0.55557E-01    0.68734E+04
    0.56680E-01    0.67821E+04
    0.57825E-01    0.66925E+04
    0.58993E-01    0.66037E+04
    0.60184E-01    0.65146E+04
    0.61400E-01    0.64244E+04
    0.62641E-01    0.63321E+04
    0.63906E-01    0.62367E+04
    0.65197E-01    0.61375E+04
    0.66514E-01    0.60334E+04
    0.67858E-01    0.59240E+04
    0.69229E-01    0.58084E+04
    0.70627E-01    0.56865E+04
    0.72054E-01    0.55579E+04
    0.73510E-01    0.54227E+04
    0.74994E-01    0.52810E+04
    0.76509E-01    0.51335E+04
    0.78055E-01    0.49808E+04
    0.79632E-01    0.48239E+04
    0.81241E-01    0.46639E+04
    0.82882E-01    0.45024E+04
    0.84556E-01    0.43409E+04
    0.86264E-01    0.41809E+04
    0.88007E-01    0.40240E+04
    0.89785E-01    0.38719E+04
    0.91598E-01    0.37261E+04
    0.93449E-01    0.35880E+04
    0.95337E-01    0.34587E+04
    0.97263E-01    0.33392E+04
    0.99227E-01    0.32300E+04
    0.10123E+00    0.31315E+04
    0.10328E+00    0.30434E+04
    0.10536E+00    0.29654E+04
    0.10749E+00    0.28965E+04
    0.10966E+00    0.28357E+04
    0.11188E+00    0.27814E+04
    0.11414E+00    0.27319E+04
    0.11644E+00    0.26850E+04
    0.11880E+00    0.26386E+04
    0.12120E+00    0.25907E+04
    0.12365E+00    0.25394E+04
    0.12614E+00    0.24832E+04
    0.12869E+00    0.24208E+04
    0.13129E+00    0.23517E+04
    0.13394E+00    0.22758E+04
    0.13665E+00    0.21939E+04
    0.13941E+00    0.21074E+04
    0.14223E+00    0.20183E+04
    0.14510E+00    0.19288E+04
    0.14803E+00    0.18411E+04
    0.15102E+00    0.17575E+04
    0.15407E+00    0.16801E+04
    0.15718E+00    0.16103E+04
    0.16036E+00    0.15490E+04
    0.16360E+00    0.14962E+04
    0.16690E+00    0.14516E+04
    0.17028E+00    0.14137E+04
    0.17371E+00    0.13810E+04
    0.17722E+00    0.13511E+04
    0.18080E+00    0.13218E+04
    0.18446E+00    0.12909E+04
    0.18818E+00    0.12567E+04
    0.19198E+00    0.12180E+04
    0.19586E+00    0.11748E+04
    0.19982E+00    0.11278E+04
    0.20386E+00    0.10784E+04
    0.20797E+00    0.10286E+04
    0.21218E+00    0.98056E+03
    0.21646E+00    0.93609E+03
    0.22083E+00    0.89653E+03
    0.22530E+00    0.86237E+03
    0.22985E+00    0.83334E+03
    0.23449E+00    0.80841E+03
    0.23923E+00    0.78599E+03
    0.24406E+00    0.76428E+03
    0.24899E+00    0.74170E+03
    0.25402E+00    0.71714E+03
    0.25915E+00    0.69028E+03
    0.26439E+00    0.66164E+03
    0.26973E+00    0.63233E+03
    0.27518E+00    0.60375E+03
    0.28074E+00    0.57720E+03
    0.28641E+00    0.55346E+03
    0.29219E+00    0.53266E+03
    0.29810E+00    0.51429E+03
    0.30412E+00    0.49735E+03
    0.31026E+00    0.48075E+03
    0.31653E+00    0.46363E+03
    0.32292E+00    0.44565E+03
    0.32945E+00    0.42707E+03
    0.33610E+00    0.40854E+03
    0.34289E+00    0.39087E+03
    0.34982E+00    0.37460E+03
    0.35689E+00    0.35988E+03
    0.36409E+00    0.34642E+03
    0.37145E+00    0.33365E+03
    0.37895E+00    0.32102E+03
    0.38661E+00    0.30825E+03
    0.39442E+00    0.29541E+03
    0.40239E+00    0.28283E+03
    0.41052E+00    0.27087E+03
    0.41881E+00    0.25974E+03
    0.42727E+00    0.24938E+03
    0.43590E+00    0.23954E+03
    0.44471E+00    0.22994E+03
    0.45369E+00    0.22048E+03
    0.46286E+00    0.21119E+03
    0.47221E+00    0.20224E+03
    0.48174E+00    0.19376E+03
    0.49148E+00    0.18576E+03
    0.50141E+00    0.17812E+03
    0.51153E+00    0.17073E+03
    0.52187E+00    0.16354E+03
    0.53241E+00    0.15659E+03
    0.54317E+00    0.14993E+03
    0.55414E+00    0.14359E+03
    0.56533E+00    0.13754E+03
    0.57675E+00    0.13171E+03
    0.58840E+00    0.12609E+03
    0.60029E+00    0.12067E+03
    0.61242E+00    0.11549E+03
    0.62479E+00    0.11054E+03
    0.63741E+00    0.10579E+03
    0.65029E+00    0.10122E+03
    0.66342E+00    0.96839E+02
    0.67683E+00    0.92636E+02
    0.69050E+00    0.88612E+02
    0.70445E+00    0.84756E+02
    0.71868E+00    0.81057E+02
    0.73320E+00    0.77510E+02
    0.74801E+00    0.74112E+02
    0.76312E+00    0.70858E+02
    0.77854E+00    0.67739E+02
    0.79426E+00    0.64750E+02
    0.81031E+00    0.61888E+02
    0.82668E+00    0.59146E+02
    0.84338E+00    0.56521E+02
    0.86041E+00    0.54007E+02
    0.87780E+00    0.51600E+02
    0.89553E+00    0.49296E+02
    0.91362E+00    0.47092E+02
    0.93208E+00    0.44981E+02
    0.95091E+00    0.42962E+02
    0.97011E+00    0.41030E+02
    0.98971E+00    0.39181E+02
    0.10097E+01    0.37412E+02
    0.10301E+01    0.35720E+02
    0.10509E+01    0.34102E+02
    0.10721E+01    0.32554E+02
    0.10938E+01    0.31074E+02
    0.11159E+01    0.29659E+02
    0.11384E+01    0.28306E+02
    0.11614E+01    0.27012E+02
    0.11849E+01    0.25776E+02
    0.12088E+01    0.24595E+02
    0.12333E+01    0.23465E+02
    0.12582E+01    0.22386E+02
    0.12836E+01    0.21355E+02
    0.13095E+01    0.20370E+02
    0.13360E+01    0.19428E+02
    0.13630E+01    0.18529E+02
    0.13905E+01    0.17670E+02
    0.14186E+01    0.16850E+02
    0.14472E+01    0.16067E+02
    0.14765E+01    0.15319E+02
    0.15063E+01    0.14605E+02
    0.15367E+01    0.13923E+02
    0.15678E+01    0.13272E+02
    0.15994E+01    0.12650E+02
    0.16318E+01    0.12057E+02
    0.16647E+01    0.11491E+02
    0.16984E+01    0.10951E+02
    0.17327E+01    0.10435E+02
    0.17677E+01    0.99435E+01
    0.18034E+01    0.94741E+01
    0.18398E+01    0.90263E+01
    0.18770E+01    0.85991E+01
    0.19149E+01    0.81917E+01
    0.19536E+01    0.78030E+01
    0.19930E+01    0.74323E+01
    0.20333E+01    0.70788E+01
    0.20744E+01    0.67416E+01
    0.21163E+01    0.64202E+01
    0.21590E+01    0.61137E+01
    0.22026E+01    0.58214E+01
    0.22471E+01    0.55429E+01
    0.22925E+01    0.52773E+01
    0.23388E+01    0.50242E+01
    0.23861E+01    0.47829E+01
    0.24343E+01    0.45530E+01
    0.24835E+01    0.43338E+01
    0.25336E+01    0.41250E+01
    0.25848E+01    0.39260E+01
    0.26370E+01    0.37364E+01
    0.26903E+01    0.35558E+01
    0.27447E+01    0.33837E+01
    0.28001E+01    0.32198E+01
    0.28567E+01    0.30636E+01
    0.29144E+01    0.29149E+01
    0.29733E+01    0.27733E+01
    0.30333E+01    0.26383E+01
    0.30946E+01    0.25099E+01
    0.31571E+01    0.23875E+01
    0.32209E+01    0.22710E+01
    0.32860E+01    0.21601E+01
    0.33523E+01    0.20545E+01
    0.34201E+01    0.19539E+01
    0.34892E+01    0.18582E+01
    0.35596E+01    0.17671E+01
    0.36316E+01    0.16804E+01
    0.37049E+01    0.15978E+01
    0.37798E+01    0.15193E+01
    0.38561E+01    0.14445E+01
    0.39340E+01    0.13734E+01
    0.40135E+01    0.13056E+01
    0.40946E+01    0.12412E+01
    0.41773E+01    0.11799E+01
    0.42617E+01    0.11216E+01
    0.43478E+01    0.10661E+01
    0.44356E+01    0.10133E+01
    0.45252E+01    0.96307E+00
    0.46166E+01    0.91530E+00
    0.47099E+01    0.86986E+00
    0.48050E+01    0.82664E+00
    0.49021E+01    0.78553E+00
    0.50011E+01    0.74644E+00
    0.51021E+01    0.70926E+00
    0.52052E+01    0.67390E+00
    0.53104E+01    0.64028E+00
    0.54176E+01    0.60831E+00
    0.55271E+01    0.57791E+00
    0.56387E+01    0.54901E+00
    0.57526E+01    0.52154E+00
    0.58689E+01    0.49542E+00
    0.59874E+01    0.47059E+00
    0.61084E+01    0.44698E+00
    0.62318E+01    0.42455E+00
    0.63577E+01    0.40322E+00
    0.64861E+01    0.38295E+00
    0.66171E+01    0.36368E+00
    0.67508E+01    0.34537E+00
    0.68872E+01    0.32797E+00
    0.70263E+01    0.31144E+00
    0.71682E+01    0.29573E+00
    0.73130E+01    0.28080E+00
    0.74608E+01    0.26661E+00
    0.76115E+01    0.25313E+00
    0.77653E+01    0.24033E+00
    0.79221E+01    0.22816E+00
    0.80822E+01    0.21660E+00
    0.82454E+01    0.20562E+00
    0.84120E+01    0.19519E+00
    0.85819E+01    0.18528E+00
    0.87553E+01    0.17587E+00
    0.89322E+01    0.16693E+00
    0.91126E+01    0.15844E+00
    0.92967E+01    0.15038E+00
    0.94845E+01    0.14272E+00
    0.96761E+01    0.13545E+00
    0.98716E+01    0.12854E+00
